0,1,2,3
6,7
12,13
21,23,16
20,18
24,22
31,32
33,34
41,42
46,47,1,45
48,49
52,53
57,63,62,60
64,67,65
76,77
79,80
83,84
87,86
88,89
94,95,96
104,98,99
100,101
105,106
107,108,110,114,111,117
113,544
115,116
125,118,126
120,122,124
123,60
128,129
5,131
132,133
136,137
145,146
78,148,149
5,152
161,162
160,159
163,111
168,169,170,171,101
104,175,174
176,177
20,180,182
188,189
193,192
194,195
196,198
204,201,20
205,128,202
210,0
219,220
227,179
229,230
231,232
236,237,238
240,241
246,247
249,250
38,256,257
258,208
259,53
177,111
266,267,264,265
269,270
272,273
274,275
277,278
279,281
284,200
288,287
278,162
295,296
5,299,300
303,301,302
304,1
275,307,308
1,195
312,313
305,316,317
288,62,318
320,321,322
323,324
325,326
327,329
331,332
336,322
339,227
340,341
346,349
350,354,353
366,1622
358,359,2
363,364
367,368
369,370,371,372
373,202
379,380
381,382,383
5,385
392,129
387,388,389
138,393,394
330,395,396
398,399
401,402,403
404,145,364
406,407
409,5
412,413,414
416,417
8,419
422,202
297,137
430,431
385,433,434
1904,436
438,437
439,440,441,442
446,443,444,445
454,451,452,453
455,456,457
458,459
305,462
465,186
466,467
474,475
480,479
485,486,487
488,241
465,186,491,492
494,495,493
6,496,497,228
498,499
503,501
504,505,506,453
511,512
514,515,516
520,179
521,522
381,382,383
219,220,523
1,3
525,526,527,528,530
536,133
542,543
288,318
546,548
549,550
553,554
23,16,562
564,565
567,568,569
571,572
574,575
578,579,580,581
582,583,584
585,588
592,591,593
594,595,596
514,601
288,602
611,613
607,605,606
609,610
617,618,619
622,623
625,626,34
627,628,62
545,632,633,634
636,637
640,638,639
83,84,643
108,297,644
652,105
650,651
658,657,497
659,660
663,664,665
476,666
670,668
464,669
677,532
678,626
684,685,686,156
688,689,690,687
297,691,200,692,693
694,695
513,696
568,279
495,697
698,699
707,704
705,706
709,370
710,230
711,712
461,713
714,715
717,718
720,721
722,723,724,725
729,0
732,543
738,739,340
619,740
743,200,741,742
5,747
750,751,752
753,754,755
710,756
758,759
519,763,764
771,768
497,769,770
111,775
428,782
792,2866,788
797,789
790,791
105,796
385,795
800,803
2903,804,801,2900
815,816,813
406,747
506,697,817
818,819,820,824,822
298,823
826,827,825
828,829
7,830,833
640,838,839
7,840
842,677,841
843,844,798,202
847,848
849,747
850,5
855,487,854
857,851
862,863
843,864,865
872,873
430,605
876,875,228
3106,3108,3111,892
753,754,755
894,120,581
895,896,3138,3143
288,739,602
902,904,910,905
906,907
916,917,568
231,923
929,928
931,796
932,202
368,933
513,934
743,108,107,936
844,932,939
942,204,20
943,944,945
612,950,951,952
954,955
956,228
959,960
967,426
636,971
974,972,973
975,983
977,978
515,991
995,996
999,998
305,1000
473,1001
494,355,1006
1004,1003
7,828,829
1008,1009,302
967,297,111
248,1010,1011,1012
385,806,467,1013
1015,1017
498,499,1022,1023
1024,1025,1034,983
389,1027,1028
454,1033,120
464,669
80,838,346
1037,1038
1047,1043
1048,849,896
1052,1051
1055,560
177,1056
875,228
1057,1058
1062,1063,302
145,1064,364
284,1065
1067,124
1072,1071
1076,706,809
1079,945
487,1082,1083,1084
1085,133,973
1086,228,6
842,1087,677,532
643,1090
948,1091
1092,1093
1094,253
241,1102
533,1103,532
1107,248,1010
192,1108,704,1109
0,1110
1063,1111,98,99
388,839
515,472
160,1117
677,532
725,1119,1120
1121,1122,1123,322
1131,143
297,18
108,297,78,149
789,1144
1146,1147,241
189,133
1151,419,532
412,1156,1157,414
275,259,53
743,108
1159,1160,1161
1162,453
1163,1164
813,1167
1169,105
533,1173,532
1174,1175
300,1177,1178,3848
382,383,105
1180,1181
567,295
473,3855,3856
253,3859
1188,1189,475,1187
1190,1191,60
1193,1194
1197,230
1200,1201
1203,711
1206,1207,1208
1217,1218
3926,611
1224,399,947
412,1225,1226
419,532
1227,1228
259,48,1233,1234
161,162
568,279
446,45
1246,1132
1243,1244,1245
399,1248,941
230,1249
1250,1251
1255,5
1256,133
804,1259,1260
751,1264
1273,1,3
619,1274
1275,1276
146,1277
1278,84
1279,1280,1281
967,839
1143,251
849,1282,1283
814,383,472
1287,1288,106
851,0
434,1291
1297,941
1299,798
380,1027,1023
1312,1311
1317,1100,128,1316
789,1322,1319
819,820,1320,1321
454,6,806,951
7,1324,1325
983,1329
1332,1333,1023
1335,529
1336,1337,1346,202
1278,1339,595,124
7,1341,1344
1342,1343
744,1347,1348
1086,228
1349,1350,1351,1352,1335
275,1161,1354,1353
303,412
1356,1043
797,789
1357,149
521,522
1361,1362,1360
1367,364
977,907
720,721,426
115,1373,990,1372
619,1324
1085,487
723,1374,725
1377,1362,1375,1376
1379,1380
1385,260
1386,1387,1388
83,1389,643
1390,1391
1393,200,1394
1395,643
1397,1396,1275
1399,791
370,259
80,1402,1407
1333,1404,1406,1023
1413,1388
430,876
1416,1417
6,806
1420,1421,763
966,1422
1425,1426,584
1429,1430,1431,1432,1433
1437,1441
1442,1443,1144
1445,1444
495,506
355,149
385,1455
1456,444
1255,1041,1457
610,1458
1459,516
380,837,1460,1461
1462,302
1463,105
636,971
1465,99
1476,1242
1477,798
1478,1479
1130,1342,1481
1482,1483
1489,1490,1
1492,626
571,572
851,1493
44,1378,1384
1197,230
1500,932,202
231,923,195
262,1499,947
663,664,665
1505,1502
1504,1503
623,105
1507,1508,1509
108,297,111,78,149,1511,1512
791,1513
137,1514
1515,1516,49,495
1518,978
1522,791
141,1523,1528,139
1534,1535,1138
248,1537,1538,1539,1540
1541,536,133
324,89
247,1543,1544
123,247,60,1547
1360,1361,1362,473,1548
563,1549
677,1553,532
619,487,1555
326,1556
584,309
278,1558
513,978
1564,1565,1566,1568
849,747
1572,595,1571
1377,1574
428,782
1482,698,1577
138,143
385,1579,1580
1582,105
77,1587
297,18
1589,44
1591,147
1133,1593
1594,1595,1596
1604,1605
1609,1610
599,978,1611
1374,725
1085,1613,1614
1616,138
141,1401,1617,139
295,515
1627,951,952
425,1628
1630,1631
291,1041,1389
996,566
334,1641
865,1642,1644
385,1455
1646,1647,1648,228
1649,687
948,1123,483
295,1650,1651
1658,983
124,453
1,262,1660,1661
454,105,1663
464,1665
1590,1133
1667,1669
160,434,1291
1674,1675,1676,143
1680,844
473,1194
1684,595
1687,566
806,950,951
1,1233,1690,1691
1692,554
1693,1694
1696,1697
1276,1698,444
111,1511,775
1699,1700
1702,186
1708,301
1490,1710,1569
876,228,188
1711,1712,1713
303,385
978,1714,1715
1716,105
1717,1718,1719,1656
1722,1723
305,1000
284,382,472
1727,1728,1729
1732,1733,1734
584,309
428,1743
1736,1737,1738
792,1744,1747,1749
489,1581
1745,106
5,1041,1748
536,133
1752,1750,1751
943,258
1754,753,754
1756,693
473,1755,228,60
806,951
1759,907
584,309
1762,1763
729,0
1201,1764,1765
297,230
1273,1
1048,1769
1770,907
1771,1772,1560
1,1522,1775,1773,1774,369
1778,888,1776,1777
1779,220
1780,1781
612,1782
1023,993,1783
1188,1189,475,1187
1785,362
1127,1091
385,623,1786
1790,1191,755,1266
461,713
1791,1792
807,1793
1795,967,1794
1416,1417
1796,1797
996,467,20
876,1799,228
1086,876,228
508,1800
1802,1130,1801
1803,1804,1661
819,820
77,1587
46,1,45
623,1663
111,479
204,201,20
1805,200
1139,1201,1200
1806,1807,1808
1809,248
1810,1811,886
983,1812,1813
521,869
0,1
1817,1560
284,839
581,515,595,453
1819,1820
303,1822
1824,1400
823,1826
1828,1829,1830
640,1831
1582,1599
1832,1833
727,1835
568,1763,326
1836,700
819,820,1205,818
1697,1450,626
383,105
1572,1628
189,487,120,133
1344,1437
1839,1157
1840,1841,159
1842,852
1844,111
732,543
1574,1845
977,522
385,1846,472
1709,472
1848,1849,1850,1847
38,907
1855,242
625,1546
1856,839
1628,1572,1858,1859,176
1861,1862
385,1162
473,1755,60
1863,64
1864,1865,335
303,1866
295,1867
1868,146
409,5
385,1869
1863,1191,1009,1788
1870,133
1073,807
804,1872,1259,801
64,1518,978,1873
1875,1874
373,1876,1877
6,513
8,1304
1879,568
1880,1157
1862,1639,1883
84,1610
1885,1884
1886,248
513,1887
1890,1889
476,1133
533,1892,1891,417
1027,389,1894
1895,983
966,1896,1897
1094,253
326,1900
1901,1792
1902,515
625,1546
1445,1127,159
1890,1905
1907,508,1176
80,1908,1909
1910,142,298
1638,220
275,1913,1914
680,1915
931,382
1828,1830
1647,228
1062,1063,302
948,1918,1091
346,1834
591,738,739,340
1920,907
47,1,45
999,998
906,907
160,1924,1291
1582,1599
1925,1926
843,844,798
83,1927,869
1582,1928
406,1929
1123,791,1513
1820,1902,515
1507,1930
888,1931,955,1083
514,515
303,1932,301,302
205,1933
1934,1935,1936
1940,1937,1938,1939
1901,1792
1941,1942,951
1086,355,1944
1945,1763
1946,1,1233,1691
241,1947,1948
64,1041,568
359,2
864,1319
487,1083
951,1953,1954,219,725
334,1641
1956,1957,1958,1773,1774
1545,541,1960,1961,1962,1127
806,951,1963
228,105
1139,253
1964,1965
1870,132,133
1829,1966
83,1389,643
101,1082,279
1967,160
1968,1969,1970,1971
1972,1973
850,1974,636
177,155
680,1915
1719,1551,1976,1977
1979,1978
1981,428
1982,1983,1984
1988,612,1800
288,1990
1991,1992
951,279,1993
1541,133
1898,1899
1994,1995
515,1998
977,522
295,407
2003,1841,2001,2002
498,499,1783,1023
177,955,111,2006
44,1265
1393,200
1086,1646,2010,1799,228
1191,2011,1009,1788
2012,1043
567,2014,2013,605
1631,2016,2015
2017,1719,101
5,747
2021,1604,1605
1911,520,2023
2024,2025,871
2026,581
1243,2027
2028,369,370,372
977,907
2029,2030,2031,228
2032,2033
1482,584,2035
2036,2037
5,2038
2039,189
415,2041
2043,2042
657,658,2044
303,2045
791,2046,322
3111,2047
2048,1744,20
2049,444,977
1519,9,2050
1131,143
2051,200
625,1546
2052,1593
843,2053
1745,1859
1545,370,2054
792,1744,1749,2055
2056,1986,2020
1709,472
83,9,1389
327,2058
2059,428
295,407
2061,1086
2062,118,664
1017,2064
2066,520,2065
2067,1467,171
200,768
2068,2069,147,643
301,302
1811,2070,2071
2072,2073,220
270,595
1333,1022,1023
135,138,1582
47,2074
2076,2025,837
5,2077
288,2080
1981,428
2081,430
2082,2083,278,543
1357,839,2084,149,78
2085,941
2072,2086
1387,2087
1086,2088,300
2089,1816
2091,669,2090
1040,2092,1093
2093,851
2094,364
2095,2096,1127
978,1714,2097
419,532
303,878
2098,1406
640,2099
2101,2100,452
1420,763
7,829,452
1357,149
2103,2104,1503
611,44
995,2106,595
1825,2107,2108,2109
5,1873
2110,1816
2111,763
2072,1808
346,2112
506,2114,952
710,2115
2117,2116
533,1173,2118,532
591,2119
385,996,5
7,452
2121,2120,1157,2122
228,174
2123,1001
2124,2125
575,2126
2127,2128,2129
533,855
275,1913,1914
764,2130,2131
495,2132
2133,453,84,581
1085,486,487
228,796
270,595,1763
694,695,2134
640,2135
142,2137
2138,111
513,932
677,532
2076,837,2140
625,1546
373,2141,1876,1877
2142,2143,45
1882,2144
2145,851
2146,1511,111
2148,1906,2147
663,664,665
974,972,973
2100,302
995,753
1246,1132
1842,852
247,2150
1393,200
847,848,1723
2151,2152,2153
2154,2155,2156
48,49
407,852
844,798
105,472
284,472
1534,1638,693,92
1196,2157,2158
2159,364
875,228,512
1842,852
2160,2161,2162,2163
2164,1975,878
2165,2166
1490,1893,1841
1875,2167,2168
2170,1972,1973
473,2130,60
2171,132,133
47,1304
2172,2173
1250,6,2174,554
303,553
358,2175,1545,1233
888,1931,955
1078,220
419,532
2176,791,2028
392,865,1642,1933
2179,1433,947
1214,242
2181,2182,384
2184,2185,2186,1176,2183
402,92
1395,643
1910,142,298
228,105
2188,373,2187
2189,1807
5,228
1445,995,1128,1127
2192,2193
668,2195,2196
2197,2198
2199,2200,2201,2202,1804
1763,1734
1086,875,228
2203,568,917
1770,907
948,444,1091
295,2204
5,1041,2205
2206,412
457,1909
2049,444,977
2207,2208,105
1387,143
2210,1657
80,2211
296,1235,2212,1218,2213
1176,452
1091,948,2214
385,434
2215,631
625,626,1187
48,49
2218,1109,2217
409,2220
1093,2221
231,195
643,2222
1971,2224
1164,2227
583,2228
7,828,1762
303,896,788
2229,106
2230,312,687
2231,863
247,2150,511,2232
514,489
2225,2234,2235
2093,2236,2237,2238
2240,734
612,2242
2243,297
484,230,1571
2244,1935,407
1809,941
21,16
2245,1410,1411
720,873
2247,1189,475,2246
2248,2249,2250
2251,45
2252,444
298,105
1988,2253
1297,941
2089,1816
967,111
2257,2258,63,2045
1736,2259,2260,1545
869,2261,2262
2263,1923
1039,5,1041
514,693
948,483
484,230
591,515
2257,2258,63,2045
5,131
492,515,2264
1040,510
1693,2265
875,228,512
428,782
2266,2267,1928
76,844,1933,798
996,515,20
2269,475,1189,1187
2270,2271,2272
1609,250,2273
298,956
729,0,1110
669,2274,149
2275,1971
2276,2277,355,1006
1162,806,2278,2279
1638,1628,693
2280,2281,2282,2283
341,2284
2285,248
2286,2287,2288
473,425
373,2289,1877
2290,2291,2292
2293,296,2213
948,483
2294,1810
2295,2296
758,2297
2295,2298,2299
295,407
1482,584
2300,941
2301,693
2302,2303
1523,2151,2152,2153,2304
2305,2306
935,2307
513,978
80,2308
430,186
1606,62,2309
568,837
2310,673
105,472
1996,2311
1246,1132
406,1518
864,1319
1388,566
863,509,1176
406,1518
973,1782,2314
303,878
2315,2316,2317,118
1243,2318
2319,2320,2321,1194
1393,200
2322,2323
242,2324
1917,219
381,382,383
575,2326,260
2328,2329
2330,278
2331,822,426
2295,156
685,2332
568,326,1763
951,612,725
549,440,441
2333,2334
231,195
2335,84
4,626
494,2336,2337,355
1949,2338
2339,2340
2341,2342,1411
6,1086,228
1890,744,2344,2345
1916,2347
2348,869
303,1975,788
2350,2351,869
948,370,626
2357,2358,1723
2359,1743
385,495,1162,2360
1415,95
1920,40
2361,1,1233,1691
2362,879
2010,2363
1086,2088,300
1047,1043
385,515
2366,2326
123,60,189
967,839
392,2368,865
532,2369,2370
568,1041,2371
2372,2373,113
1352,1335,2374
2375,2376,2377,2378
1709,472
2240,734
2380,108,111,2006
105,472
461,713
2133,84
1417,1170
278,143,273
618,1949
2358,2383
647,575
1431,1432,220,1430
2385,673
2386,2387,581
2388,228,105
0,851
305,1000
2390,457
430,2391
419,560,532
1416,1417
2393,2394,1040,511
1522,259,1234
670,1265
1255,5
2084,839
1692,303,553,554,2396
278,1558
2397,2064,1500
1191,1388,612
346,2112
1207,918,259
2398,755
295,469
177,1056
2083,278
2400,1639
1701,2402
2403,1610
2404,105
1544,2405,2406
732,543
101,2412,279
1086,228,623
583,2414
2415,2416
1646,1648,228
84,581
889,572
2358,2417
852,2418,92
1772,1988
1228,472
2419,1300
747,1283
454,2420,516
48,302,2421,1854
2193,2423
1893,1841
847,1595
2424,2425,643
446,45
1,2426,3,259
2399,1366,2427
2429,2430,445,2428
835,2431
380,1701,1461,837
2274,149
250,2432,2433,2434
2435,412,1226
1885,2436
1848,2438,1850
305,1000
2439,2440,2392
1086,2088,1176
426,1823
2441,2442,1862
2355,2443
658,2444
297,693
176,111,2445
2446,973
2448,941,2447
797,789
1246,1132
2449,945
619,2450
1925,1272
574,2452
2453,143
1683,105
409,5
2456,2455
2458,143
599,978,2459
2460,175
132,133
1863,64
2464,287
2330,278
1719,1339
1638,1628
1415,1519
2466,2467,371
843,844
487,1082
852,2418
2468,1763
680,1882,2465
312,1538,687
1899,2469,45
414,412,602
138,143
567,569,287
995,996
1,2471,2472,475,1187
295,407
1463,105
295,2473
842,2474
1207,1,369
1190,1176,1853
2475,2476,1923,1191
0,2
136,137,1514
1990,2477,1220
705,706
995,2106,595
2254,2478
2479,967,177,108
995,2480
1,262,1660,1661
2481,1742
2482,253
773,1358
1426,584
464,111
622,62,2483
640,2484,149
2485,200
136,137,1514
2486,327,329
2487,1352,1335
754,2488,2131
1023,993,1783
654,2489
651,2490
612,725
2491,2130
2492,675,2131,674
1206,1208,2022
1667,2494
549,2495,2496
303,2497,2498
1582,382,383
1297,941
2499,1283
948,371,483,1091
2500,78,149
960,2501
575,2501
473,2503,1360
1886,2504,213
133,2507
2508,300
284,472
430,876,2509
996,1687,566
1707,1706,124
48,370,259
2510,2511
2512,1422
515,2513
2515,739,1194
1911,2516,2517
859,2518
1067,124
242,2519
1683,105
1207,48,369,259
1445,118
192,864,2520
2522,2523,336,2521
495,2524
2525,2526
83,9
995,2106
1139,253
176,111,2445
1,45
2527,159
675,2529,2530,2531,2532
2533,278
568,1763
2534,92
648,1134
83,643
6,2535,632,1162
23,16
415,2536,2537
284,472
115,2538
1107,1751
2539,2540,973
2541,364
1266,2542
385,951,806,1579
1652,546
1377,1574
1017,128
83,9,643
2543,2544
1243,2545
2546,764
2547,2548,747
619,487
2550,2164,1975,878
385,84,581
2229,106
2551,1194
1716,105
2552,2553
332,2554
743,2555,2556
2557,560
705,2558
2249,2250,2559
303,412,1916,414
1842,852
795,2560
2027,693
947,2447
2561,1023
2562,84,106
723,612
16,2334
1093,2335
1407,2565,1605
1916,2567
111,177,1511,1512
944,945
2568,91
267,2569,2570
1463,105
1091,320,2046,322
955,2337
265,602
2571,2572,1119,1120
2310,1785,2573,111
705,2558
428,1743
1638,2575
57,1697,133
706,809
1169,105
2576,977
636,971
2320,739,1194
996,515,2577
1952,2333
123,1352,764
1,3
599,600
727,2346,3138,3143
515,106
951,753,2069,723
2424,2578,2579,643
187,253
330,396
275,2580,259
176,111,2445
2581,2074,47
192,1108,2582,2583
967,2584,2585
1843,513
900,948,1091
948,483
2240,733,734
1855,242,2586
2587,725,318
291,654
2588,541
1811,2589,2590
978,2591
2592,1324
2593,2392
464,661,2594
599,600,2595,1987
820,1320
2596,149
2598,948,2597
83,1656,1389
1548,473,2599
107,114,117,936
727,1835
2173,2600,479
864,287
2601,5,1041
288,318
2603,440,1445,159
2604,2131,1972
1449,159
813,2605
278,1853
186,2606
1078,539
2609,2610,2608
2048,180,20
729,0
796,606
1266,60
83,84,643
1605,2612
842,1087,677,532
2534,581
489,710
2613,2614,773
1519,428
2615,1190,1866
538,747
1131,143
948,2616,2617
2619,177,2618
2620,1266
303,403
734,2622
5,1043,1662
2623,2256
574,2624,2625,2626
385,515
754,2627
2628,1194
2629,2317,118
1879,1942,568
370,2630
2631,2632,2633
948,2617
978,1873
494,2277,355
931,2634
797,789
2635,651,2334
1779,2636,2411
733,2388,2637
1356,1043
498,499,1022,1023
977,978
443,2428,445
1312,303,2638,2639,2640
1100,1101,1017,2641
1,220,626
2642,2643,2644,2645,2646,1933,2647,2648,964
584,541
863,2052,509
513,1610
1391,2649
380,2650,837,1461
1851,2652,2651
2655,2653,2654,1091
2656,20,2307
326,1556
2657,1722,1723
2658,2323
346,349
1281,950,2659,2090
2661,2662,1595,264,2660
2081,430
1067,2657,2664,124
843,192,704,798
2665,266,220
2666,2667
1401,2668
651,2531
652,105
2086,2671,2672
941,2673
380,1023
228,105
1831,871
2675,425,1023
2676,143
2092,1093
567,569
669,2677
1923,876,2190,1822
1243,2545
2678,260
539,1999
2095,1127,1091
1991,2681,2682
385,133
2685,2173
2686,2687,2688
1627,950,951,952
2689,2690,2691
101,2692,1976,626
2693,2694
640,839,2695
382,839
2696,2697,1271,200
1670,2337,506
747,2698
2700,202
2701,2702,2553
792,2703,2704
1534,1694,1693,693
2705,60
651,1797
715,2706,1845,554
383,105,106
1380,1379,2707,2708
584,309
60,1949
549,2495
1086,2088,1176
572,1854
2709,228
80,2498
2710,948,483
806,1162
2711,426,1304
1548,473
415,2041
583,2414
1628,2712
2713,2714,2074
1086,1170
2715,1797
2717,2716,2706,755
2720,2718,2719
2059,428
5,2721,1041
888,1714,1900
533,1173,2118,532
1490,1840,1841,2722
1780,1781
2235,2723,63
446,45
2170,2070,1972
1628,2712
2724,2725,2713,2714,2556
202,2217
1782,725,2726
196,995
843,2727
2728,430,2010
231,2729
2217,843,2368,2730,2731
2732,1166
200,768,2733
995,2106,612
2515,1194
473,2735
2661,2358,2383
3926,611
619,2736
2737,2738,2484
653,2739
2486,2740,2741,2742
419,2743
1387,2087
2420,516,1993,2745
2746,2747
1759,1701,907
380,2748
1047,1043
1693,1694
392,1015,2749
2319,2752,1193,1194
1968,1971,341
385,806,60,1547
295,407
1968,1971
993,2754
430,326,1900
2755,176,220
2756,2757,2758
1923,2399,2670
2759,1134
1670,2760,100,101,487
732,543,453
5,623
2378,2271
978,1873
753,595,755
0,369,259
484,2761,1808
2293,2213
625,1546
647,1071,2762
262,1660,1661
2763,2212
2765,2095,1121,2764
2767,2768,106
303,412,414
101,2412,279
1850,483
5,341
2550,2164,1975,878
640,839
303,2000
1420,2770
2771,806
2772,2773
937,1519
2775,106,2774
2776,2777,2778,389
1923,2190,1822
1785,605
2620,1266
5,65,2779
2780,993
838,2781,2782
1745,516
226,2783
2784,1604,660
2081,2787,2785,2786
1401,631
701,2789
714,715
2791,1899
1107,2410,1751
2170,2792,2070
324,2793
288,789,2795
2796,1991
693,92
2797,1164
278,143,273
2081,2798,2785,1900
701,990
419,532
2456,2800,2455
385,189,1870,133
303,723,2801
2802,2803,1086
472,1228
2804,2805,2806
406,1518
1923,1225
303,385
494,1754
1901,1791,1792
1297,941
454,2807,2235
84,106
1895,2808,2809
2810,2811,2242
1831,871
2812,2813,42
369,2814,370
1895,983
2816,568
0,1,626
6,806
494,1754,403,2818
2819,2820,2821
1789,1009,2822
1086,875,228
2824,2825
2826,511,543
1811,2828
2831,2829,2830
2832,2514,2833
64,2834
407,852
1156,1157,2835,2836,2837,2838
1266,1834
1127,693,2104,92
47,2312
183,2839,773,2840,2841
64,2587
2842,945
693,459
2843,227,179
2844,643
1122,791
907,2845
1782,2846,101,132,133
192,2847,864,2848
5,1950
1551,2849
2193,2333
935,20,2850
1778,889,888,1776
1933,798
863,2794
2098,2853,1406
1882,2854,2855
2856,7
1876,2857
513,977,1610
2859,62,952
513,2139
430,228
385,5,353
303,2860
1246,1781,1132
105,106
966,2072,1808
2861,1201,1745
674,2862,213
2052,1225
2863,2353
1490,2864,1840,2001
2867,2434
1393,200
2868,878
806,807,2869,626,1107
2766,1406,1461
1600,2870,1962
176,171,250
795,814,2872
77,1587
625,1546
585,2874
574,2017,1465
472,1228,2875
516,2420,2190
619,740,1465
710,2115
804,2876,2877
1092,1093,1040
5,1041,2205
2399,1366
2879,687
2880,260
407,852
1693,1694
900,948,1091
1945,1832,2881,725
1420,2882,1985
5,2721,1041
5,353,341
5,467
1,371
288,2080,318
473,2130,60
1425,2593
1287,1996
996,1673
105,106
1500,1108,864
2884,2885,2886,2887,2888,2889
2890,16,1391
2891,747
2892,2
1925,1926
568,1162
2893,2894,637
619,2895,1687
2897,2898,2461,2896
2899,137
2018,2901
2335,2905,2906
2907,2908,227
6,806
2319,2321,2909
2910,2911,1935
2914,220,2233,2912,2913
864,1319
446,2104
2198,2193
1189,2915
949,2916,1091
258,2917
869,2261
2918,368
2380,2919
855,487,2920,854
1838,837
2072,417,2921
1169,105,1663
1169,105
2922,2923
595,453
1040,2861,2925,1949
1092,2335
101,2927,2334
511,2232
1176,2929
988,472,1228
1212,1205
513,977
1916,2930
83,84
2931,241
64,2834
859,956
2933,2379
1995,2934,2413
2937,766,2935,2936
84,106
2938,105
111,2310,2573
1995,2018
2295,2940
2941,253
407,349
2944,1887,2942,2943
2945,78
1086,511,875,2232
732,543
618,2946
64,2413,1084
2947,2948
1574,440
2950,2125
2951,1881
228,875,2881,725
1273,1,3
894,581
1862,2442
1492,626
60,1949
636,637
1212,1205
2954,2948
312,2307
2955,869
2956,60
625,2957
839,149
2910,1935
385,2235,2958
819,820,2838
2959,111,1511
643,2960
2961,2962,1377,1194
2963,2964
326,2786
2966,2967,2055
1086,2968,2969
1416,1417
533,1892,1891,417
2335,2905,2906
515,2909
1628,402
2598,948,2597
1393,200
2435,412,1226,2971
346,105
844,2972,202
2973,445
2881,725
1,1233,1234,259,48
1564,1565,1566,1841
428,782
385,2975,1580
669,2976
2193,2977
49,2978,501
2980,2979
303,412
978,318
1631,460,1989,45
2981,625,1546
2982,2983,2984,2985,2986
382,383,105
204,935
2987,536,133
275,259
2193,2988
160,1291
878,60,2990,879
2991,179
295,2992
851,2993
1093,2335,2408
2448,941
569,2995
428,782
288,124,2996
5,467
1923,2997
3001,2998,2999,3000
2696,3002,3003
629,83,3004
2470,1358
383,228,796,3005,105
142,332
2965,3006,1898,1899
2631,2632
84,106
2093,492
574,2624
3007,2706,2717
1297,941
569,2995
3008,3009,2774
1189,475,3010,2823
1404,1333,1023
3011,3012,2864
1990,2477,1220
3013,1421
3014,3015
312,3016
385,510,511
2663,3017
850,5,340
304,92
385,514
3018,2027
284,839
629,992
2124,3019
1079,945
3020,706
1988,3021
506,952
3022,810
1709,2306
355,1006
967,111
3023,1411
370,2630
3024,888,177,1191,132
5,623
3025,3026
473,160,3027,3028,3029
3030,13,1893,626
813,3031,3032
1988,3033,3034
3035,568
3036,2094,364
47,1
2254,1837,3037
673,110,321
836,1800
80,2742,673
2669,685
3038,1281
1215,3039,687
1146,1147,241
977,522
3041,1642
3042,1170
3043,977
1609,3044,1266,250
3045,407
1040,3046
2008,3034
86,2754
3047,143
773,2971
3049,849,3048
1231,3050,3051
3052,472
1462,302
1791,461,1792,713
563,1549
473,2130,60
135,3053
137,3054
1708,3055
210,1261
1572,1858
382,839
3057,766
1425,1426
648,1999
1982,3058,2245,370
843,704,865
303,3059,1693,385
402,1921
3060,3061,3062
3063,3064,1785,566
1086,2388,1944
3065,522
2487,1352
406,3041
2910,1935
440,1313,1314,3066
1638,1628
137,1514
430,3068
1565,1568,3069,3070,3071,788
850,5
1091,3075,949,322
3076,497,1037
406,3078,3077
385,859,3079
1664,248,1011,3080
3081,105
83,9
773,1618
1091,320,2046,322
1426,1253
851,1492
64,3035,568
60,133
44,613
532,1087,677,3082
1073,3083
105,106
850,5
284,382
611,44
2939,1555
1616,3084
3085,3086,1166,788
3087,941
1572,3088,1628
3089,425
303,5,878
2258,3090
3091,346
241,2187
588,693
570,78
2165,2025,871
1281,3092
137,1514
836,837,2979
2835,2837,1156,1157
2124,3093
782,1827
383,1742,106
747,3094
1,3095,626
406,747,1283
513,1610
3096,2193
385,105
715,1845
1646,1647,228
568,2371
1203,3097,3098,3099,1789,1191
1920,907
2970,3100,788
2620,3101
813,3032
1464,506
305,2090
105,106
2330,278
3103,3104
1243,3105
1086,1799
2470,837,380,2650,1461
3107,2856
623,3109,516
1500,3110
574,2452,1176
1391,2649
1426,584
46,1,45
1442,1144,3112
3113,952
1646,1647,2442,2709,228
1431,1432,220
677,532
2161,1343
6,632
2164,1975,878
2736,1465
2240,734
359,2
3116,2854
1078,539
135,138
1401,3117
457,3118
198,2769,462
1875,1874
847,848
549,303
320,321,322
2052,1502
623,515
1652,546,3120
863,3121
3122,305
379,380
3081,105
5,3123
1445,440,441
409,3124
324,3125
340,341
688,687
2375,2377,1988,3021
1968,1971
2492,2488,2131,189
3126,403
2248,2249,2250
2662,305
201,20,973
278,162
605,606
1658,3127
1287,1996
1638,693
521,522
2219,1370
3129,3128
1490,3130,3131,1893
797,1878
2094,3132,364
3134,1860,264,3133
2705,3135,800,60
1890,1905
1377,3136,3137,3139,3140
3141,996,2126,1555
715,554
355,204,3142,20,2656,180
1286,1459,516
651,2334
3129,260
3144,1249
295,407
1709,472
417,3145,3146
2844,643
6,2535,2278
617,619,487
3147,3148,1268,605
1707,3149,2352,124
3151,3152,2611
1683,869
1526,200,1527
284,383,472
60,2130,1782
3153,1555
1086,228,492
341,3154
3119,751,1991,1854
1368,3155
303,5,1798,385
469,3156
3157,3158,1043
1426,584
1634,527,2057,3159
563,1549
3160,1432,220
859,105,472
1861,1862,2173
133,536,2507
1086,3085,2088
2223,2111,3161
3163,346
1548,1362,473,1360
370,2054
640,1831
291,3164
430,3165
295,3166,1628,1867,1748
3167,3168
457,186
1,2426,1773,1774,369
3039,3169
2952,198
1416,1417
3170,3171,498,499,1023
370,259
3173,1827
549,1293,440
2435,1623
1670,100,101
105,1663
2235,1584,2101
324,2505
2728,806,2101
2601,5,1041
3091,346
2973,445
2037,78,3176
416,417
588,693
115,1773,1774
2079,1808
160,3177
1606,2309
3178,259
3141,878
2247,1189,475,1591
3180,932
2676,143
2448,941
2226,788
2300,941
623,105
303,1866
1980,443,444
3089,595,581
1508,1509,1424
248,1011
3182,105,472
1150,3183
513,84
753,3184
1504,1503
303,3149,3186,3187,2396
141,1523,139
2315,1840,3188
2486,3189
951,3190,62
3191,3192,3193,2249
409,568,3194,2927
336,3195
133,2171,2507
419,3196
1862,715
956,1211,3197
3198,3199
2564,334,3200
64,326
2395,626
2135,839
3201,5,353,341
1910,3202,2953
1709,472
1,3204,3205,2349
2361,1,2426,1233
297,643,1157
937,1911
1377,3206,3207,739,1375
532,677,45
3209,3210,2558
978,1611
1882,810
3063,3106,3211,3212
3213,3214,2129
3215,3216,3217
3218,532
3219,2838,2074
595,2513
612,62,893
3221,228,105
380,2098
3223,133
3224,2432,189
3226,1365,1639
2193,2300
1040,510,60,1547
1856,839,3227
506,697,817
3228,3229,3230,2672
3233,2193,3231,3232
385,6,806,951
3234,3235,619
3237,3236,710
1862,3238
1041,1763
1762,1763
3239,715
2499,3240
303,5,1798,2101
3241,3242,3243,3244,2434
108,3245,149
1266,868,869
473,3246
3247,248
406,407
1268,3248
1968,1970,1971
3249,3015,3250
2564,334,3200
228,105
710,2115
111,177,955,1511
406,977,1518
446,45
3251,1228
83,9
3252,3253,478,3255,3254
2541,364
3258,3256,3257,3216
618,1949
1415,2991,1519
851,3259
515,2909
1388,595,2513
2382,2511,2516,1316
3260,3261,729
392,864,3262,3263
2316,440,441
3264,2251,371,45
3265,650,453
270,1585
440,403
262,1660,3266,3267
3269,22,3268
406,1929
807,1793
385,1846,472
1885,241
842,2466,677
1880,643,1157,297
1333,1027,389,3270
2061,1086
3271,1917
697,1853,3272,3273
3274,3275,3276,1500
76,3277
303,120,132,2801
1286,485,492
2257,63,3278
2562,84,106
3279,3280,1312
469,1182
267,264
563,2323,3150
1999,2699
3281,1604,1605
242,2519
513,934
3282,1813
1482,1483
2470,3283,230
3284,2461,2896,2897,2898
838,2596,149
3285,1743
836,1609,3287
84,106
3288,3289,3290,952
1115,1241
1,626
1412,3291,3034
3292,2327
3293,835
723,146,1064,1277
176,111,2445
1445,440,2603
80,3294,2498
1004,1003
3295,2168
3296,3297
1719,3298
430,186
1555,20
288,287
693,3300
2442,2031,228
3301,297
3302,3303,2878
44,782
978,1714
701,700,3305,3306
38,907,906,2845
382,839
2532,1167
3308,941
1,3309,1545,3
484,3310,230
330,346
487,3311
2353,3312,3313,3314,1162
622,3315,62
636,637
2848,3316,3317,3318,3319
472,1228,2875
2470,1406,1461
297,200
3299,2923,230
791,1513
3005,105
2756,3321,2757
1501,3322,3323,3324,2411
3325,1615
2676,143
1954,3327,3328,3329,3330
2165,2166
297,2899,3331
0,851
2493,1203,2465
1250,6,1251
3332,332
1189,626
513,3333
101,277,278
3334,1266,1609,725
3335,370
2615,346
3336,3337,60
828,7
1389,643
694,695,3338
1024,1025,983,829
64,3340
3341,1999
3342,3343
1073,3344
2632,3345
3346,3347,1798
1572,1628,330
457,186
1091,322
2873,2284
1121,3348,322
1027,389
1,1233,3349,1691
5,122
220,2695
1792,3350
230,1249
2952,1453,3351,3352
2170,1972,1973
3353,3354
473,425
2994,2632
2975,1579,385
1086,3005,1963
385,5
46,72
1910,1821
198,1818
545,1037
303,3356,2732,1166
546,548
643,3357
2693,2694
3358,651,2334
3359,3360,541,1121,1123,1961,1127,322
591,515
2771,806
1709,2306,472
326,1900
3361,489
295,407
1161,369,48,259
346,2112
3072,3362
3303,3363
388,45
680,1882,2465
1467,3364
6,806,951
298,213
303,412,1916,414
2068,2069,147,643
3365,3366,619
288,122,124
475,1,2817
791,1513
385,515
241,3368
2325,3286
680,1882,1520,2465
464,111
419,532
743,1394
373,844,2972
607,3298,605
3371,695,3370
864,865
709,3372
773,1358
1086,632,300,6,1799
259,3373
1490,1710
582,583
303,1866
1279,3374,1281
2193,2300,2333
380,2543,1023
143,273
3375,907
2399,1366
1511,2683
2313,2262
94,1519,1389
3376,7
710,756
454,451,452
1054,105
513,3377
21,16
320,321,322
549,1231
948,443,483
2466,3378,371
402,403
2670,3379
136,137
3381,1426,584,3380
2243,297
820,818
2656,3382
637,3383,3384
336,66,45
303,1866
3089,425
3387,935,2055
385,467
3388,522
123,3389,60
1910,3390,2953
1849,1850
445,2428
227,2858
1923,2399,2670
2780,3391
643,2960
406,977,1518
2865,2226,143,3392
2399,2177,2427
2448,941
1893,1841
1243,2318
1628,402
1040,2925,1949
3395,3396,3397,3398,1825,3394
3298,605
1925,1926
430,755,2717,3399
1337,843,2700
473,3400,60
2881,725
1266,3101
709,370
385,467,1013
1169,105
627,62
284,839
3403,106
850,5
791,1513
1078,807
2861,105
1897,837
3405,3404
3406,1127
2856,7
3407,78
446,3408
1639,3409
964,2645,205,2644
3410,810
3411,1851,1854
1079,945
1981,428
1708,301,302
454,2990
3143,3138,3412
107,108
709,791
3157,1043
3413,1853,612
1373,3414,3415,3416
1662,3417
3418,2243
2843,227
2399,1366
284,382
2004,346
457,1909
2486,3419
3376,7
3388,522
851,1493
3420,3421
1,2426,259
643,1291
3422,533,532
3423,1064,364
88,993
406,977
732,543
1803,1804
3424,3425,723,725
330,149
2710,948
469,3427
5,326
101,250,279
1582,3428,1599
2549,1545,2694
3430,3431
852,605
1352,1335
1582,521,522
177,2310,111
383,796
1810,3432
1925,1133
428,782
570,3433
1091,744,948,3434
1147,241
3381,1426
1693,3435
2426,2028
643,2960
2838,2074
2295,3438,3439,2298
5,1763
2663,1816
419,532
1073,3441,2670
3190,1086,62
612,2501
3442,44,1265
2257,2235,63,2101
574,1176
2632,3345
115,2252,3443
1021,105
622,1086,62
2206,412
7,452
3444,1596
2989,873
1086,2010,228
3445,230
3303,1527
1959,3446
143,3447
3448,160
3449,2100,1437
3450,2303
1785,605
385,353,105
3451,3452
1212,1205
549,440
200,839,321
1582,1599
513,977
3453,489
3454,1176
3455,149
2399,1366
3456,106
1792,3350
101,1782
2212,156
820,3089,1205,818
192,798
568,1388,1763
2486,2740,2741,2742
2066,520,2065
2401,260
2938,228
3072,84
3457,445
2609,2044
5,341
145,1064,364
8,1304
3282,1813
1040,1093
3458,2295,156
6,632
3223,1870,133
385,1579
2235,2958
385,1579
385,3459,3460,1579
705,706
2361,1,2426,1233
200,768
1667,327
3461,3462,878,3463
568,1942
1399,791
723,753
931,2634
2767,2768,106
3464,869
3465,978,1873,1518
3466,1342
1886,49,3467
388,208
701,3468
1078,618,807
636,3469
2961,1194
247,1751
3471,707,865
3472,145,146
3264,371,45
536,133
2399,3473,2177
1638,321
3005,105
2365,2544
1955,457
3224,188,189
3474,718
3475,3476,2010
2720,3477
94,1041,1242
312,3478,687
3479,1388,1782
2343,426
3480,536,133
3481,3019,321,2566
2550,2164,1975,878
2251,45
851,3195
2025,155
3005,414,412,602
2234,1906
3172,807
1899,2469,45
1366,3483,2157
2081,2785
330,297,149
123,60
837,3485
376,605,149
1071,2762
710,364
444,445
797,1878
275,259,53
78,148
2435,2837,773
2212,3487
996,893
2674,2464
3488,510
1107,1751
3489,3490,1648,3057,766
2330,278
105,472
2439,3491
3492,1693
623,105
1634,3494,3495,3496,2241
1638,1628,693
693,402,92
3279,3280
3497,905
326,3498
2952,1453,3351,3499
3346,2707,2708,3500
108,177,955
1523,783
1180,3501
2500,78,149
2757,1971
288,789,2795
3504,1719,3502,3503
3505,1362
3307,3506,3507
3508,3509,1615
1196,1358,2158
2424,643
175,3226
2989,873
1903,2422
626,3510
3511,1132
284,472
3512,327
568,326
1231,3513
326,2786
241,3514,3515
3517,3516
3518,2537
177,955,111,2006
1630,1631
1664,1133
407,852
3519,1693
1122,1123,791
1717,3502
3521,734
2679,809,810
3522,764
207,3429,45
3523,941
93,3524,2104
160,3525,725,1120
3224,1120,2428
1445,63
2330,278
1871,532
843,704
1107,3059,220
1719,3526
473,1639,3527
2816,2371,568
1073,2399,2670,835
3528,669
2910,1935,2381
1416,3529
385,1869
566,659,660
3530,3531,2644,2645
1555,20
2980,389,1023
1885,3532,2173,2436
826,825
1237,83,869
312,917,3533
1964,1965
1268,3248
677,532
515,516
275,1913,1914
312,228,2852
1156,1157
3534,287
3160,1432,220
1164,3535
2212,3487
928,687
64,3536
3537,2235,42
3538,16
3458,2295,3539,2299
1207,3540,3541
1983,370,2028
253,3542,2070
948,3543
1114,859,3079,385
797,876
1243,2191
1572,1628,402
3544,287
248,3545,1615
1086,186,300
2420,773,1176
2663,1816
187,253
1169,105
1902,515
840,2352,3385
231,1424
643,2222
643,3357
3547,2875
2193,3548
242,3550,479
3551,1992
1445,63
2193,3552
83,643
2078,993
3553,1502
1968,3554,1904,436
894,581
3555,3556
288,1095,3557
6,806,951
1745,106
747,1283
2462,2463,443
1463,105
2831,3558
2193,3559
1631,3560,3561,45
231,3562,1424
3299,230
1670,1266,955
706,809
695,584,541
1463,105
326,1900
3521,3563
175,104,1797
5,382,383,228,796
3564,2284
1752,2746
219,220
1770,907
1127,1091
3566,827,911
3036,146,3569
3570,312,859
274,1207,369,259
2773,3571,3572
288,1988,1811,3033
3573,3574,3009
2399,835
575,1191
1093,2221
3576,843,202,3575
3224,3411,302
377,3577
1057,2567,3578
1875,3295,2168
1890,1889
336,1134
824,3579,3580,117
2355,3581,2749
64,188,189
303,301,302
458,459
1785,3582
3583,3115
91,2464
3584,3585,3571
3389,60
545,3586,1037
2072,3587
489,710
851,1493
3588,426
464,177,111,775
1752,941
1388,2126
1,2426,259
475,626
3590,2142,2143,45
1490,2943
3102,941
326,1556
744,2526
385,3591,1919,472
3593,3247,248,3592
3594,1449
2330,278
3595,2262
36,2827
3591,220
60,1949
3597,262,1661
3598,3599
3413,612
2980,1332,1333
1693,1694
297,200
3600,200
1719,718,2196
3601,287
3602,332
3605,2235
878,753,952
105,1663
847,1595
591,515
843,3607,2727
3608,869
3089,425,973
1875,1719,250
308,3565
137,3609
3299,2923,230
2258,2045
184,308,3610
1445,3611,3612,3613
1917,993
1816,3615
3616,2463
332,2554
526,528,1878
3617,143
457,3358
467,355,20
86,2495,2932
330,346
186,951
931,2555
382,839
2094,364
385,5,353
3620,3200,334,3618,3619
2771,6,513,806
414,412,602
434,1291
2290,2292
1968,1969,1971
744,1773,3621
3622,1797
369,370,3623
3624,485,492
1147,241
520,179
935,3387
977,978
1981,3625
997,326
1174,3626
542,543
3627,207
3628,3629,1162
141,1401,139
2366,425
765,886
1809,941
819,820,1321
3630,1545
44,611
64,65
977,978
1297,941
3631,3632,710
2085,941
889,868,3633,3634,465,2345
2472,2823,475,2471
966,419,532
47,2312
305,3635,3636
382,383
3637,198,3638
303,1574,549
1004,1003
3369,2125
999,998
2838,3639,1461
2949,612,3640
2709,2031,228
2216,3077,3078
820,3089,1205,818
3641,453,1213
3642,3643
1593,3644
64,326
549,2495
619,1698,1465
3646,307
1756,693
3489,2295
1980,444,45
3059,1693
3425,353
3647,543
3648,3649,2632
3650,1831
619,3651,2659,2090
3178,3652,3420,259
3653,2256
1188,1189,475
1912,1389,3654
3309,1545
526,3655,1878
3042,1170
610,869
48,259
457,718,1742
2159,723,364
680,1882
3656,1133
640,149
842,1087,677,532
638,640,2695
1971,436,1235
533,855
3657,1027,389
1771,1772,1560
2144,34
3658,1176,396
3106,3659,892
1207,3540,3541
5,353
640,639
3660,2924
246,270
1243,2191
820,3662,3663,3661
2319,3664
487,3665
2686,2687
515,991
623,859
241,3368
3667,3668,970
1206,1207,1208,918
1949,2338
3315,1767
142,3669,2964
3036,146,3670
1605,2612
668,983
1856,839
2100,302
521,522
1881,2943
0,2093,851
1420,1985
868,1266,869,2528
485,486,487
795,385
3672,143
406,3078,3077
186,796
2016,3561,1631
570,78
219,3673
2125,2419
46,1,45
3517,3299
723,753
2581,47
196,514,385
2094,145,364
330,2308,3674
230,1249
5,678
478,3253
3507,1978,370,3596,1134
1500,202
406,2040
1287,1996,1645
1916,3675
303,494
2141,36
619,2736
5,3078,1950
1421,1420,3676
843,2053,3677
515,2909
1393,2432,189
1191,60
813,3678,1421
419,532
2563,113
192,864,1109,3679
382,383,105
515,472
3091,346
3517,1975
1078,807,951
1085,486,487
1119,1120
3680,250,2683,101,1719
3063,3681,566
1176,1993
2234,2226,3320
623,515
3682,791
105,472
948,483
161,60
847,848
3683,3111
3684,369,1545,259
476,666
1861,1550
385,1709
143,273
385,5
747,3094
900,863,1639
1857,201,20
2486,3189
3448,1941,160
3685,1662
1772,1988,3686
382,383,105,796
341,253,3687
619,1324,1687
3688,346
2302,1854
3689,3690,1538,264
135,138,3691
1708,3055
3165,62
3692,3484,1144
3695,3693,3694,1365
2193,3696
806,1162,2101,3697
3698,1194
3699,3700,2075,3701,1616,2291
2394,3702
1780,1781
305,1000
83,84
101,2692,1976,626
729,0
3555,300
1218,2607
823,3703
1092,1093,2335
1617,3704
1121,464,111,2445
3705,1043,2501
2780,220
3706,1133
80,1402,1407
2181,907
406,1518
414,412,602
765,1387,2577
3707,522
3708,2772,2773,947
1693,3435
2258,3090
828,829,3709
49,3710,501
3005,105
7,833,3711
430,3165
2007,260
502,973
3712,2234,2226,3320
1806,1807,2157
16,346
521,522
3714,279,281
228,796
2368,3715,865
3716,1657
5,2038
1508,1509
502,973
7,830
2387,595,2513
3717,3718
346,1834
3720,156
346,349
3449,2100,3721
1207,3722,369,259
1078,220
1395,643
835,2484
3723,284
406,977
3724,1797
3725,44
725,2726
2424,643,3726
3727,3728,2631,2632
1692,554
3729,230
2844,643
33,34
111,836,955,3730
3175,1017
2486,327
110,673
2028,3731
3732,843,3733
2133,84
584,631
291,654
5,1041,2205
1,45
3199,3734
3735,950
430,755,2717,3399
751,675,1854
1253,207,3162
3736,978,934
743,1027,3737
3738,1170
402,92
3741,3739,3740
568,1162
895,896
461,1898,1899
3403,106
3742,3743,417,445
3442,44
1829,1906,3744
296,2213,1235
3145,3745,533,416,417
494,3746,453
3747,2008,42
1040,3046
295,3166
425,220
5,2435,353
1287,1996
2085,941
3748,3749,3926,3386
3708,2772,2773
1507,3750
2016,3560,1631
3693,3694,1365
406,407
1832,3751
3752,581
3424,725,1782
3724,1797
1885,241
1582,3753
1507,1508,3754
1670,495,2337
999,3089,385
3756,3755,3292
3757,90
3758,1639
3759,510,511
675,1191
3760,3761
3762,978,2097
894,581
3763,3764,3765,3766
595,596
160,434,1291
1979,791,2046
0,625,1546
1664,1133
22,1117
5,747
16,2334
2243,931
2724,2096,2725,2714,2556
385,1709
369,370,2426
2388,228,105
160,1924,1266,3767,3768
78,839,149
3402,591,515
521,522
23,16
2574,3769,3770
88,2022,3771,3772
78,3773
3774,3775,142
8,3776
2609,2610
473,241,3777
680,1882
3779,617,3778
3780,1667,3222
3781,2031,84
3782,2157,2158
2592,1325
1072,3783
1848,1850,3784,3785
60,3786
714,220,951
3787,673
284,200
1631,3788,2015
227,2858
1107,248,1010
1073,807
1004,1003
2709,228
2945,1709
3791,996
2965,1899
1180,1181
2456,3792,3793,2064,2800,202
3794,3795,3026,2287,2005
2213,3796
3797,440,441
145,1064,364
3798,1999
385,623,1176,1580
259,48,369,1234
3799,3800,3801,1157
513,977,522
2576,977
1425,231,3562
278,3802
1426,584
3803,3804,593
1004,101,3470
2233,3805,3806
2093,851
2235,2226,3807
907,2181,2845
574,575
2614,773
943,3808,945
5,228,2852
383,105
3809,355
640,2596
3549,332
795,814,2872
3186,1782
888,1281,3232
33,3810
2958,2147
3039,3811
640,1831
383,796
456,978
1684,1339,595
1373,2632,3812
389,1333,3813
2010,515,228
2399,3473,2177
3102,941
176,1628,2924
1683,3814,956
3815,1266,60
288,318
835,3816
2335,2905,2906
1638,1628,693
3817,3818,2282
3819,3820,353
1840,3821,3822
3823,1841,2001,2002
1,2426,370,1691
3824,341
298,3825
1917,219
1945,2816,612
995,2106,595
5,3826
1935,3827
3828,1708,301
3829,417
2424,2579,643
727,2511,2693,3830
3831,3404
454,63
278,3802
2609,2044
2797,1164
3832,200
2609,2610
226,1133
3833,2461
996,3834,566
3835,353,1043
1114,385
1898,3789,3790,1899
765,3836,1788
2248,2249,2250
792,2659,801
115,3621,370
1182,947
469,3427
2211,346
3201,2100,452,3837
609,610
2619,177,2618
658,3838,3839
1968,1969,1971
3840,612,3640
2424,643,3726
1979,3841
83,3842
2663,2632
175,789,3843
2598,948,3393,2597
115,1773,1774
1243,2318
1719,3844
115,1545
617,3778
3845,2484
1595,1596
2068,2069,147
1,625
1492,4,3846,626
487,1083
2193,3847
105,106
2173,3849
3850,78
1425,2593
1979,791,3851,2187
464,108
3852,3853
549,820
430,186
111,177,1511
514,1013
346,1834
2176,2686,370,3857
1107,248,1010
473,3436
583,2414
161,162
1221,2666,568,279
1278,515
473,2735
305,462
995,996
498,499,1022,1023
1164,3535
1745,106,84,3858
859,1763
3214,3860
370,3861,371,2028
843,844,3862
3584,1492
278,161
2315,3612,440,1445
3519,1693
105,1663
3863,3864,1734
1717,3865,3033
851,1493
428,782
32,2379
3866,1168,1912
3299,230
3684,1545,259
402,92
795,3868
583,584,3869
0,851
3870,2019,1162
2989,873,2303
277,2726,3871
3045,1699
791,3872,3851,2187
765,2256
115,1773,1774
1211,2306
451,452,453,454,3873
1,1492,626,3095
3874,631
6,3875
3876,230
945,3877
1879,568,279
440,403
2387,578,581
948,3878,322
3313,1162,452
3879,713
1591,147
3085,3086,1166,788
3880,3881,1084
3883,117,1862
800,803
2752,1697
3885,3886,3887,3888,3889
3658,3890
959,3891,1555,20
2998,3892
3893,149
438,2180
850,1974,636
908,200
3894,3091,2536
2533,277,278
1983,3623
3299,3895
1756,693
1683,3814
1009,2822,1854
3180,932,2217
2556,3896
2614,773,2392
3897,2792,1972
2048,895,896,20
3898,161,162
1987,3899,599,3900
966,1897
2832,2514,3901,2139
2083,278
426,3903
2081,2787,454,2785
3904,3905
2629,440,441
3005,105
1119,2209,1120
3104,3756
1582,383
685,3906
1092,1093,2335
3907,1628
1251,3908
487,120
839,796
2165,2025,871
1980,977,522
2740,2742
46,513
101,2412,16
1864,3909,200,1394
3910,200,839
3911,332
2844,643
385,795
2918,368
489,2118,3912,532
123,60,189
1814,406
1119,1120
2728,430
925,194
149,2063,376,3913
326,1900
3353,3354,3671,131
3914,3149
3915,1882
623,3916
533,417,3145
3658,2745
5,747
3683,3111
1762,1763
305,297
2275,1971
513,934
3521,734
160,1280
1587,287
842,2474
1684,3919,595
1815,2985,972,2986
1040,2925,1949
3601,287
3920,1887
3791,996
1201,1764,2883
160,1280
1783,1023
576,220
2861,105
3921,685,3906
2551,1194
2176,791,2028
64,1800,3922
3040,693,3300
3923,2537
3706,666
108,200
2198,1158
3456,106
3059,1693
584,309
80,396
60,189,123,1845,133
3517,3924
430,3925,431
1923,2190
3830,3927
2904,2740,2742
1,45
208,2719
60,2033,3929,3930
1445,63
3931,8
977,522
1446,977,978
1381,1091
2139,2158
2653,1127,1091
1951,1952
186,491,492
3932,1640,2928
3661,1380,3933,3934
1093,2335
2898,36,309
828,829
241,3368
334,2857,3935,3936
599,600,2595
3937,3938,106
2105,2282,3000
3939,1157
2406,3941
2387,578,595,581
2899,137
108,3832
370,3558,2054
583,3942,584
78,3943,149
1807,532
105,472
118,3944
1024,3945
685,3946,3720,156
1122,791
996,515
3569,725
1377,3947,3948,738,739,2515,1194
3596,1978
1133,1593
1416,3529
288,3949,1782
849,747
542,543
1073,807
2330,278
374,1708
3950,3040
570,3433
101,2692,1976
3299,230
3951,747
1287,1288,106
991,3952
253,1094,515,2513
228,105
1545,2054,370
3953,16
807,3954
697,1853,3273
409,3955
1646,983,3152
106,3858
3956,3957,1127
536,133
3841,275,3958,3959,1161
64,65
966,2072,3587
115,1545
1123,322
1442,1443,1144
3960,469
3961,2948
3962,186
1121,297,200,322
136,3853
3963,278
2790,202
2387,578,84,581
595,3964
484,1203,230
457,3358
3653,2256
192,864,2520
3707,10,11
3224,1120,2428
1027,1333
2468,1763
3175,192,2847
1572,132
259,1979,369,1234
14,19,2017,907
108,111,149
807,3568,15,17
385,5,84
28,2193,315
26,1063
25,2555,585
826,1518,978
304,1
2226,27
1,1690,1691,1233,1905
438,247,29
1906,35,37
39,1930
549,2495
385,1190,161,60
43,960,506
569,1319,2995
50,2173
3368,2008
1416,3529
1882,2465
51,2255,1275,1639
648,30,1999
1825,1312,54,1311
1482,584
55,2788
1133,1593
132,133
108,3245,149
584,309
494,56
3175,2511,192
513,58,59,61
804,1111,98,99
869,2262
3517,1370
1762,1733
73,2813
68,69,70,71,829
2356,3193,1622
795,385
74,3643
489,75
1693,1694
1156,1157
3512,327
2111,763
118,272
385,5
81,82,85,3441
842,677,532
948,1091
2378,2271
5,606,382,796
978,444
2757,264
695,103
842,1087,677,532
2880,656
851,3195
232,3562,97
851,1493
2452,117
385,5,3005
207,3429
385,84,581
907,2845
64,67,568,102
6,806
1243,1245
1465,617,2736
708,3476
2670,3379
1086,109,623
966,1021
2675,119
2556,389
2555,1091
1784,2751
599,112
1502,730
1243,2318
3216,2136,735
1366,1164
2181,2182,384
736,746,3755
2744,1656,2621
1791,461,1792
259,3841,121,3882
2193,3232
1629,934
843,844
513,978
84,106
2131,127,2070
2607,130
2757,2774
84,106
2742,673
36,2827
134,2323,2464
1745,894
140,3411
674,2131
697,1853,3272
3829,417
1482,2035
1119,2209,1120
3647,543
144,753
619,2450
2031,84,106
623,1786,150
241,2187
744,1773,1774,3621
948,1091
151,106
855,154
1347,153,1348
7,3047,1867
1,369,157,158
380,837,2979
1273,1
2824,967,8
2193,166
165,1623
2574,164,3769,1527
2104,1503
2330,2083,278
1745,106
1901,1791,1792
838,149
142,332
709,172,173
2335,2905,2906
430,3165
3122,948,305
2212,156
80,1402,1407
2093,178
84,1339,595
123,181
185,755
430,1421,612
3122,305
2750,2751,584
6,513
190,893
806,950,951
191,487
303,5,878
2711,197
1719,3168,3503
648,199,207
303,440,1380
610,206
62,893
725,203
1040,510
3761,1899
948,2630
2614,773,209
385,806,951
211,215,1527
549,212,412
84,214
2837,1156,1157
792,801
115,217,218,1545
406,1518
1191,221,132
222,467
835,223
2632,1342
2807,2235
224,1170
212,498,499,412,2119,414
2037,225,355,149
235,2658
233,2057,2178
3102,941
1923,234,2190
2954,2019,1878
648,1134
3523,941
239,90,245
472,1228
3809,478
1409,2328,2329
3523,941
3180,932,2217
869,3339
2121,2120,1157,2122
1756,693
176,1628
243,244,3582
2487,1352
192,1108,3715,202
948,34
3591,1919
3567,105
975,254
7,452
1400,1882,2465
3867,252
262,1661,3773
792,2703
826,406,978,1518
2372,2373
536,133
2409,673
464,263
2965,1899
1091,322
406,1518
978,318
268,2856
1024,983
519,88,123
1412,1418
1024,271
2315,1840
1054,105
2415,276,280,1091
282,283,202
1979,546,1978
2442,228
2193,2333
948,3878
2665,285,1083
581,595,453
2426,259
200,286
20,2307
1445,2502,301
1273,1
303,3149,250,289,290
2300,941
931,293
454,292
2714,2096,294
643,3357
1979,3867,3841
506,2596,149
1532,1266,3101
1745,1169
1532,1266
538,569
2330,278
311,314,2256
288,287
47,1,698,207
306,978,3253
2054,370
852,194
494,1754,1162
2724,2096,2725,2714,2556,294
2213,1235
653,1983
1207,3178,259
51,1127
1759,907
284,839
773,1358
2874,319
5,299,300
492,493
419,532
1605,2021,2612
1445,1127,159
430,2509,328
1040,3046
473,596
819,820,1321
595,951,453
956,228
2179,3039
333,820,818
192,704
380,2470,837,1461
2816,568
959,506,673
2399,3473,2177
337,338,2178
258,342,343
345,2572
2351,869
2485,297
464,344,108
1664,1437
515,347
417,532
3005,105
618,348
22,1117
2773,3571,3572
705,2558
351,352,923
1915,1742
3057,766,1787
3778,356
3166,978
357,2899,137
303,360,361,2497
5,298
335,2731,365
246,270
0,851
2057,375,3247
412,212,2119,414
288,318
764,2130
1756,693
46,194
693,3300
3953,16
709,2046,322
145,364
100,101
386,1266
391,390,364
259,48,369,1234
563,1549
744,371
1401,388,3117
863,3121
1633,2640,397
440,2566
549,1574,1798
1279,3374,1281
400,700
475,2817
455,849
382,839
385,1579,1580
1988,408
2068,147
410,1923,3666
843,3607,1943
959,1997
3685,1662
2319,1194
2744,1656,2621
1388,1711
584,421,1917
2361,418
327,329
599,420,112,3773
1352,1335,2374
137,3609
1482,1577
1500,424,427
640,1831
747,1283
2093,429
806,951
101,2412,16
2601,5,1041,1266
146,432
385,1869
1931,435
467,355
457,3718
869,346
2007,677,532
213,3520
143,273
3045,407
1664,3603,3604
3059,1693
2656,996,960
2034,309,2354
515,1998
1215,3061
1810,448,450
297,137
591,1176
447,2687
295,1651
1,3486
1004,754,1003
449,62,952
575,2717
5,623,3826
1114,3085,385
513,977,260
473,2735
3770,807
22,463
880,878,879
385,292,228
2825,1304
3425,353
346,349
948,370,2630
201,20
2087,468
2752,1697
2491,2130,60
1707,1706,124
2100,471
227,2858
1523,783
110,1176,477,574,2452
2219,1370
2072,2073
967,111
359,2,481
2394,482,3702
3102,941
988,472,1228
1990,2477,1220
623,3916
715,490
1951,2193
3854,2924
514,515,1998
3917,1450
842,1087,677,532
184,869
2194,610
402,1921
500,2899
2225,2234,2226
213,3520,1763
2816,2100,452,3837
5,299,300
2387,595,2513
967,111
2799,1971
3709,2100,302
661,200,297
517,3599
60,133
449,952
977,1492,626,195
518,784,259
1055,560
137,560
175,1386,524
531,1412,1418
385,132,133
495,506
43,960
2208,534
535,1917
1243,3105
3884,1615
1174,537
1606,2309
1086,300,2088,1176
151,106
1652,2176,791
241,2402
2170,2792,2070,1972
2176,791,370,2028
1708,540
595,453
2330,278
2043,5
330,346
1822,1923,2190,228,876
1853,612
1628,1310
38,907
1538,264,2852
1058,3421
977,547
2193,315
931,2634
2499,551
415,426
1,625,626,3095
996,619,552
310,3299
555,2102,3401
855,487,854
557,556,1041
385,795
247,558,1063
3915,561,2464,559,443
303,1866
303,434,1291,160
842,1087,677,532
931,2634
371,45
2208,534
878,2990,879
201,20
0,1,2
607,3298,605,606
406,3041
399,1248,941
675,2131
1917,219
640,838
515,516,3079,2101
3797,440,441
297,425,220
353,573,3283
575,2126
577,2297
978,1873
625,678
2453,143
430,1852
3690,3614,2437
586,1976,626
587,546
589,973
598,3740
385,105
45,1899,3264
3745,416,417
1200,1201,1697
242,2519
590,487
24,22
3382,1764
1415,520,597
983,1812
3309,1545,784
461,713
1366,1164
438,2279
3929,3930,519,603,2033
118,604,608
529,565,614
1409,2328,2329
2076,837,1461
1092,1093,1040,510
3072,2387,84
380,2161
615,1711,1712,1162,1713,2337
6,2535,806
330,1086,1944
1057,1709,78
1057,3056
3484,156
1339,270,595,470
616,621,2923
620,3708,1224
1702,186
2254,51,2478
624,612
2791,1899,45
3299,2923,230
1073,2670
62,2309
1386,1387
2861,105
377,230
495,220
1719,630
852,2418
1545,810,115,1773,1774
303,2045
2424,2579,643
465,2706
1500,128
22,523
635,384
1882,2854,2855
83,1389,643
2243,931,200
1718,2070,641
1297,941
167,568,1763
3725,44
1745,106
836,1604,659,660
3682,791
5,2052,340
804,1744,1749
123,181
228,105
1389,227
1865,507
1885,1884
1708,642
1368,1150
645,646,1166
3304,1587
3115,992
464,111,426
3920,186
3001,3568
649,260
3052,472
655,41,42
1339,2544
2663,2632
662,1693
5,152
3519,1693
667,643
1708,301,302
2063,838
385,1579
2095,2653,671,1091
1708,301,302
1107,3437,1751,672
676,675
498,499,1023
469,985
681,280,679,682
843,864,202
262,1661,3267
683,2131,1972,1973
1940,1938
456,956
3568,251
3170,498,499,1023
101,16
1206,2820,1208
3544,287
5,2052
583,3942
502,288,453
2385,673
3134,702,703
298,84
569,2995
86,2754
101,16
1762,1763
5,341
716,1904,436
3480,133
151,106
1191,719
1886,213
3381,1426
726,629,83
3213,3214,2129
3517,3516
137,1514
303,728,1798,3187
2113,711
629,651,992
500,2899
2838,1464
1139,2501,731
1964,1965
494,3746
1582,2149
160,434
640,838,839
667,643
1855,2851,242
171,250
975,1389,745
138,2325
2614,2420,773
406,1518
789,1144
748,3256
1268,1470
945,3877
977,907
2258,2045,536,133
1387,2087
757,570
2890,16,1391
1442,789,1144
1422,302,1462,438,2410
101,16
705,706,678
2846,132,133
513,84
2380,2146,177,111
5,340
1988,2253,1610
900,948
760,761,762,626
1121,1091,3872,322
3190,753,754
826,889,767,725
1875,1874
568,326
3920,1887
1039,5,1041
60,2990
3299,772
2409,673
1692,554
1426,584
467,774
863,776
303,738,739,340
1879,568
777,778,546
779,403
1980,3343,780
513,781
64,67
2422,3421
78,3943,149
3937,106
1256,133
2387,84
3424,723,725
1027,389,1894
1564,1566,785,786,787
1073,22
16,2334
643,2960
3405,1555,793
3160,1432,220,794
2243,931
167,799,220
2087,977,802
359,0,2
84,581
805,7,1344
2076,835,811,837
1785,605
808,3562,1424
812,309
6,3875
72,3426
2799,1971
330,1711,1713,3674
303,821
406,852
2301,631
3067,3299
1967,834,3074
101,831,832
1868,364
3518,2537
845,932,202
3756,3599,3755,3292
498,499,1023
846,2364
1107,725,1751
2484,430
346,2112
3488,510
2169,863
231,3562,1424
515,991
1892,1891,417
2484,513
1388,566
5,2077
409,3955
2933,2379
295,1867
1248,941
409,3124,853
1572,1628
856,1829,2249,241
246,270,1585
1189,858,2349,259
861,1076,860,706
2098,2853,1406
842,677,866
2622,661,867
3787,1628
2696,2697,1271,200
3389,60
430,2509
381,382,383,105
339,2843,227
2229,106
1652,370
3282,1291
3617,143
1189,1,2349,870
839,321
3831,3174
874,706
1838,3179
3881,383,796
883,3181,229
3119,2553
3298,881,882
887,2742
1014,782
845,884,885
890,2231,863
891,3216,2136
2300,941
3757,713
305,2569
2268,737
1756,693
3568,220
3220,3225,3839
259,48,1233,1234
3210,149
835,270,2075,3886,966
351,923,1424
303,897,898,899,2340
1004,1235
901,625
584,903
326,117
385,1709,2306
912,1605
842,677,3218,532
1683,869,2324
47,909,2074,2714
3509,1615
1377,1362,739,1375
227,179
2378,913
64,65
914,90
5,747
12,2442
1628,402
105,106
915,693
1078,220,951,159
3893,149
2424,2579,643
2581,47
966,919
652,105
2368,2664
2075,920
297,2983
295,407
2160,1342
773,378
921,2422
406,407
2663,922,924,1373,3812
248,926
3043,977
1092,1093,2335,2408
5,152
927,513
2435,2837,773
270,302,430,1176,147,2501,487
843,2730
843,2575,939
2415,2814
64,67
1491,532
101,651,2334
326,2786
1802,3643
648,2268
101,16
1923,938
2435,412,1226
977,522
73,940,655
288,1800
3951,747
527,525
1491,532
946,346
1833,796
1945,1832,2881,725
1286,612,147
591,212,412,2119,414
977,678
437,301,302
1085,973
953,2335,2905,2906
957,253
3356,958,1166
385,623,2009
2064,202,128,129
753,951
962,963,2742
568,961,2371
186,510
1582,3753
3684,2663
2807,1584
1680,844
1523,783
3656,476,1133
968,969,1582
976,980,981,1594,200,1214
979,278
1945,1832
747,982,1587
2052,1593
2387,84
851,986
951,62
987,3057,766
1206,1207,1208,989
385,1709
341,253,3687
487,120
1246,1132
2543,1023
64,3536
967,111
270,660
2601,5,1041
1519,194
994,487,1782
1085,973,2507,2171,133
878,2990,879
720,3645
1114,3085,385
758,759
545,632,633,634
385,3079
3126,2128,403
125,118,126
993,88,2022,1002
2263,430,1923
262,1660,1661
1007,1825
1005,1422
568,1786,385,623,1162
533,1103,532
859,1227,1228
176,177
213,3520
2836,2837,2838,355
1664,1133
3437,510
833,725,203
766,3296
3523,941
177,297
2907,2908,1051
3414,3415
3190,62,430
549,2495
3956,1016,2329
744,372
1362,3203,1360
2025,837,155,2140
839,1018
107,108,673
1169,105
2025,837,155,2140
1980,443,444,45
1358,1019
373,1876,1877
406,1518
1214,1215
1507,261
1564,1565,1566,1568
1020,798
693,402,92
171,2432,250,189
93,661,3524
1811,755,2070
3648,2632,1026,784
1029,1816
3119,2553
390,364
2791,1898,1899
1123,322
3375,907
3365,3366
2832,2514,1030
406,977,1518
2631,2632,2633
231,923,1424
287,1587
2399,629,992,1031
2744,1656,2621
1032,941
1062,302
1036,241,1035
990,2630
948,305,483
500,2899
177,111
2165,2734
752,1042,1044,1045,1046,1049
549,1574
1050,1930
591,2837,1156,1157
697,505,506
297,137
1,370
1890,1727,1053
358,2426,1233,259
3854,693
303,1574,549
1060,823
2663,1816
584,3713
17,740
1073,1059
3019,3704
108,297,1061,149,1309
542,543
1114,2101,2052,510,511
2728,430
1518,32,216
1922,1923
248,213
1068,228,60
16,2334
336,3195
1959,1211
2176,2686,370
1069,2168
12,13,1070
667,643
2399,629,1031
1074,34
513,934
1075,1999
1362,1194
1752,1077,1751
723,146,1277
1086,875
2466,444,1091
1088,2286,896,788
744,371
3106,3659,892
931,796
133,2507
3454,1176
1246,1781,1132
3723,1089
1096,295
567,569
744,371
1066,1470,1098,1097
945,598
3185,951
1,3095,626
1218,1099
948,2616,2617
297,2983
2614,3729,230
2268,1104
743,1394
1875,3295,2168
2558,1105
1106,1829
1050,1930,1112
680,837,260
1830,1113
942,1116,859,1041
1118,1538,264
3809,355
1043,1662
2057,375
723,725,203
84,581
167,1073
3367,1124,1582
1125,1650
2980,1404,1023,389,1333
1907,157
3764,3817
143,3719,3447
346,1834
3224,302
996,1673
2861,105
220,1126
2387,578,453
659,660
295,296
2146,111
1129,3738,1170
3405,2451
484,2761,3310,230
942,204,3928
1,195
2965,1898,1899
590,487
2426,259
5,2233,2156
3445,230
1979,1135
3518,2537
0,1110
2680,605
1150,1136,1370
723,724,725
3077,3078
1892,1137,2506,2463,3829
795,385
1140,1142,1312,1311
1141,7
977,522
2022,259
1145,918,33
1712,229
2881,725
1986,3599,3756
132,133
1149,368
484,230
1215,1148
1925,1272
498,499,1023
1779,1490,1449
1623,749
366,1152
3729,1153
3142,935,355,1154
677,532
302,140,3411,1854,2421
266,3133,3292,264,1723
346,349
1086,2618
948,2630
3734,1155,3785,2187,827
198,3078,1950
1652,2176,791,1513
143,253
1143,216
20,180,182
1243,1244,1245
297,137,2711,1370,2899
1792,1165,713
3035,64,568
192,704
729,0
637,3383
629,1171,1172
297,425
111,1511
2556,3896
569,2322,2323,2995
464,967
1574,440,2495
137,3609
744,2617,948,483
2398,755
1183,6,1184,1179
729,0
2300,941
2139,2832,1185,1186,1192,2514
2684,1266,868,2173
1386,1387,765,3940
1195,2944,755
341,253,3687
464,1198
247,2150,2010
3801,1157
1029,1816
1426,3380
1631,3561,3788,2015
430,485,2010,973
3961,3452,2948
640,838
1541,133,725,203
439,440,441,442
1279,1281
3183,1199
658,497,156
160,2384
851,2993
1086,228,1965,300
693,459
3568,1202,807
385,167
430,186,2505
2563,1905
744,1204
83,3842
1209,2753,2037,1210
2193,3559
1462,302
455,1219,255
370,1999
2401,2149
3790,1898,1899
2974,189,1216
278,161
894,581
1222,1223,192
2902,3879
72,3426
983,1812
201,20,18
3606,186
2315,2317,118
693,3600,200
1195,312
680,1229,2561
3568,619,15,687
1829,1888
1501,3322,2411
2303,1232
1088,2286,896,788
1230,3682,791
516,2909
3828,1810,301
326,1900
1829,2502,35
385,623,1580
743,200
1236,1201,516,492
2093,3493,0,1238
2482,253
3497,1239
194,195
213,3059,220,1240,3482
60,1190,1949
819,820,824,822
2364,155
2464,287
1991,2239
520,179,2023
1988,408
931,382
826,2022
373,1247,2889
1535,1785,3215
497,1252,2845
758,1882,2854,3116
852,2418,92
1004,428
3616,2463
438,2410,1422
1797,1084
3732,3546,1254
567,568,569,1257
38,906,907
6,545,632
755,3399
918,626
3170,498,499,1023
2025,155
3142,355,840
2193,2300
160,250,3589,1263,3525
720,873
297,137
274,1207,48,259
606,383,796
567,295,754
1548,473
506,697,817
977,547
1388,1763
732,543
101,2692,1976,626
192,202,2815,1642,1267
3648,1026,2632
1270,2358,1813
303,3149,3187
246,270
312,20
513,977
693,459
513,977
1041,1080,1656
385,3059,220
95,94,1519
494,2336,303
447,2687,370
1442,1285,1144
948,371,1091
224,1170
693,1818
3366,1284
1709,472
3385,840
1289,766,3296
2346,3150
1290,768
2193,2111
1745,3382,1859
326,2681
1054,839,105
1292,324
2110,1816
83,869
2230,312
160,3767
995,2106,303
1752,510,1294,1751
457,823
2486,2740,2741,2742
1296,299,1295
1388,1763
3175,192
747,1283
389,1298
1,1690,1691,1233,358
640,96
1189,475,3010,2823
1189,475,858,2817
568,1942,2681
1302,48,49
303,1798,897
2563,1303
518,784,259
231,923
1305,247,1306
136,137
1456,522
1307,3476,1308
581,487,120,3311
196,198
13,1479
5,1582
1275,1276
850,5,340
967,297,111
2620,1266
2925,2338,1949,1315
1873,3388,522,1714
1855,1811,2590
288,1611
1243,3105
1268,3248
1319,287
47,2074
1980,532
1318,364
142,2964
2229,106
1467,2297
3867,252
1095,2406
3597,262,1660,1661
275,56,1161
1323,2501
5,353
303,549
2283,3088,1326,1327,1328
144,753,120
385,467
1334,1330,1331,710
1338,1340
1345,2409,673
1,2426,3,259
330,402
137,3609
1940,202
2181,907
1020,798
2213,3796
1241,560
2601,5,1041
3550,605,479
3190,1086,62
93,1355
1780,1781
247,1357
2424,643,3726
382,839
536,2171,133
2578,643
3760,1359
104,98,99
385,877
469,3427
353,3157,1043
2961,1194
48,1657
1646,1647,1648,228
1572,1363,1364
766,1640,3296
3928,1309,20,149
3904,1369,2168
753,595,755
2233,1371
5,131
835,967,2484
473,2130,60
791,1513
520,179
288,789,2795
563,1549
84,693,581
2394,482,3702
1582,1599
3956,1382,1383
744,948,1091
1302,48,49
1084,3881,124
24,22
38,907,2845
701,3511,700
804,801
1600,1962
1902,515
105,472
46,2463
574,2452
514,515
143,273
2442,1392
297,643,1157
86,2495,2932
650,2537
1093,2335
1982,3058,2245,359,370
1101,3285,2641
847,1081,2383
1398,1762,1734,2602
430,2168
900,948,1091
430,3165
1119,1120
2788,201,20
288,318
406,1518
931,606
1399,1230,791
353,3157,1043
827,1403,1155,825
7,830
84,581
1218,434
26,1063
2387,84,581
2994,2632,1405
2176,791
1408,554
1810,1811,886
1709,1242
0,259
709,370
284,200
680,1882
2742,673
107,108,117
2727,2096,1301
1414,923,1424
2240,734,984
2499,3240,445
2609,2610,1419
1236,1286,147
1875,1874
1256,133
177,2310,111
1427,2654
340,341
2069,951,1423
3798,1999
1057,2567,3578
640,1831
2330,278
374,1708
835,3208,2650,3902,966
1243,2545
619,1274
3521,734
2145,851
2190,1120
1067,124
1,259
1428,546
2879,687
303,3149,3187
1582,1439
3583,1262,1258
2025,250,155
33,1091
996,1436,105
1180,1434,1435,3918
720,3645,1440
1572,1628
1271,200
2100,1873
549,1574
2826,511,543
1207,259
2087,1438
1979,3507,1978
385,1869
1456,444,45
428,782
2532,2102,2529,755
705,2558,678,706
454,1584
1995,2934,2413
1447,415
906,907
2159,1448,364
1180,948,949
47,2074
1127,1091
2750,584,364
1995,1454,2018
385,3176
851,986
1451,1452,1097,462
1273,1
977,907
948,1,370,2630
220,1462,1127,626,1078
520,179
1600,2926,1058,2566
415,426
297,200
373,2456,202
2154,20
3497,53,3022
569,287
3072,3073,1466
1127,1091
1468,1469,3915,561
748,3256
219,1953
1236,1201,147,492
1582,1599
2902,1792,1165,713
91,2878,2060,2116
1988,3033,3034
242,2378,1471
1472,3194,442
599,1473,573,889
1931,2805,2806
1175,1474,941
1809,941
3729,230
2486,1475
1176,754,487
1057,2567
2435,2837
907,2845
2485,200
930,3442,1480
563,1549
3214,495
3222,2112
728,1798,3187,1485,289
2463,1980,978,444
2325,3286
1,1545,3,115,3309
1484,952
3424,220
405,192,2511,1486,1488
1886,1487
284,1065
3307,3506,3507
2295,685
107,108,117
631,200
1494,1495,1009
3005,105
1709,1919
747,3951,411
1496,1497,158
1498,993
622,1086,62
167,1073
1959,3446
2613,2614,773
3928,1309,149
868,1266,869
1,625
380,2470,837
1842,852
977,186
246,247,1506
1510,277,511
988,1709,472
855,533
955,1517
2488,2131
791,3851
1988,1800
419,532
467,20
1366,1521,991
231,195,923,1424
1524,0,1525
433,3440
324,3125
533,1891,417
1399,2176,1529,791
385,1530,1531,877
290,3149,250
2663,1533
467,20
3581,2749
1180,2549
1536,800
1108,704,1542
423,1881,230
2679,693,92
3223,132,133
835,223
327,2058
2165,1301
133,2171,2507
1227,1228
549,1574,303
2181,2182,384
851,0
1552,818
385,3079
1389,643
310,3299
1554,3542,2659
64,2834
995,3040,92,2106,1127
1107,220
228,60,512
1875,3295,1557,2168,1874
145,1559,364
1856,839,3227
943,3431,3430
1907,508,2052,452
160,1291
3775,1561,1563
1562,341
379,380,2470,1461
1,625
454,1567,2100,452
1108,2582,2583,1573
2825,1304
228,105
3606,1570
227,2858
1658,1576
298,823
1297,941
521,522
1228,472
3038,1281,3092
705,678
966,1575
1582,1439
1771,487
1980,370,444,45
765,612,755
1041,1080
6,513
1373,210,1849
1583,829,124
108,297,200
594,595
995,595,453
3258,1586,1592
473,385
966,1897
2131,1588
105,472
3178,3652,259
611,44
137,560
3519,467
1791,461,1792
1086,228
409,2220
277,278
549,412,402,2129
623,515,487,516
967,111
2755,297,644
828,7
78,472
1597,572
305,1865,317
3001,3568,1598,17
2182,384
1,370
1393,3326
975,248,1011
1032,941
1611,2785
1601,1603,1387
1886,48,1602,49
1564,1566,2409
592,593,1607
1530,131
1608,1191,2173
3603,3604
2087,247,558
1078,72,220
444,45
295,469
2533,278,1558
1968,1970,1971
297,839,149
996,1763
3166,978
1073,1612
1189,626
461,713
1745,894,1648
1875,1619
3403,960,1620,1621,1191
1100,1017,202
2620,1266,643
1589,44
3775,1561,1563
640,638
1,220,626,1462
1150,1136,1370
1377,1063,98,99,265
494,3385,355,840
1625,1626,487,1624
2752,1697,1632
1635,1636,1938,1940
1085,973
1201,516,1764
1967,3525,725,160
3745,417,3145
2820,1637
2007,677,532
64,65
966,965
2275,1971
2389,2213,296
385,467
1020,798
943,945
1195,312
3492,1693,106
213,3520
843,2727
1652,2176,1859,791
828,829,1643
545,1037
3185,1763,951
279,1993
1093,2221
2251,45
1374,1751
513,1667
411,3943
706,809
303,301,302
1653,1654,1655,1714
864,287
177,2310,2573,111
1078,220
2399,3473,2177
1190,1853
1659,305
914,1029
385,467,1013
820,1320
2094,364
2689,1666,2093,851
220,2306
423,230,124
2094,1668,364
705,706
1054,105
80,2308
1631,3788,2015
445,2428
1855,715,242
569,2995
1671,1672,308
1677,1678,2657,1813
1416,1679
1968,1969,1971
966,1021
373,2187
1911,1519,1389
1088,456,896
1085,486,487
502,288,453
107,673,1121
931,155
1681,878
12,13,773
302,1462
2424,1682,2407
569,844
1496,158
3854,1578,2924
2614,978
1639,3409
295,407
1795,967
20,2307
373,1877,2889
889,1685,767,237
1762,3864
1628,1686
2792,1972,2070,641
1688,402
2399,1366,2427
108,297,2983,1689,149
3907,1628,2712
2463,3150
417,1304
978,444
1695,332
3014,3713
835,3902
12,13
931,155
2110,1816
3517,1370
5,341
623,514,1998
1107,248,1010
1703,950,3498
1340,651,1704
2799,1176,1465
2918,1705,159
1801,1023
278,1558
79,80
2448,3523,941
3134,3436,2283
3248,2367
1719,3168,3503
383,105
3780,3222
2442,1719,1392
1721,7,1325
1995,2934,2413
533,3355,2118,532
373,2456,202
390,612,3640
2193,2333,3559
1720,230
3475,3476
236,237
1024,975,983
1724,1975,105
1725,521,522
1726,2187
490,1730,1731
2575,2871
3114,0,1110,1735
2614,773
1147,241,1948
568,1041
2463,1739
1243,3105
747,1283
1595,1596
636,637
489,1740,1741
2105,3000,1746
629,83
2101,5,341
640,839
1189,475
196,549
57,1697
970,156
1646,1647,228,2442
3599,3104,3756
2399,2177,2427
2081,2787
160,1291
880,878,879
1753,2142,2143
5,385
207,3429
334,2454,2457
819,820,1205,818
3367,1582
2062,118,1757
1269,1758,1500,1760,2889
1761,1768,2161
1931,1766,279
1243,3469
3049,849
